0
999999.0 999999.0 

999999.0 999999.0 

999999.0 999999.0 

999999.0 999999.0 

1
6.505883246806166 45.194057446016345 
4.0 23.0 0
3.0 23.0 1

11.70836602496997 41.04055408639811 
8.0 21.0 0
2.0 14.0 1

15.530742418689327 44.427514658042526 
4.0 11.0 0
2.0 3.0 1

1.6067694314092065 5.173587651386997 
44.0 2.0 0
54.0 21.0 1

2
6.505883246806166 45.194057446016345 
4.0 23.0 0
3.0 23.0 1

11.70836602496997 41.04055408639811 
8.0 21.0 0
2.0 14.0 1

15.530742418689327 44.427514658042526 
4.0 11.0 0
2.0 3.0 1

1.6067694314092065 5.173587651386997 
44.0 2.0 0
54.0 21.0 1

3
7.0 46.0 
4.0 23.0 0
3.0 23.0 1

10.0 35.0 
8.0 21.0 0
2.0 14.0 1

6.0 14.0 
4.0 11.0 0
2.0 3.0 1

98.0 23.0 
54.0 21.0 0
44.0 2.0 1

