0
999999.0 999999.0 

999999.0 999999.0 

999999.0 999999.0 

999999.0 999999.0 

1
42.569091046491664 31.353030879803956 
54.0 21.0 0
44.0 2.0 1

33.95600763416917 46.16625502245984 
8.0 21.0 0
4.0 23.0 1

0.4571132873785203 43.27472680409947 
3.0 23.0 0
2.0 14.0 1

35.287492505443986 41.54686609775093 
4.0 11.0 0
2.0 3.0 1

2
42.569091046491664 31.353030879803956 
54.0 21.0 0
44.0 2.0 1

33.95600763416917 46.16625502245984 
8.0 21.0 0
4.0 23.0 1

0.4571132873785203 43.27472680409947 
3.0 23.0 0
2.0 14.0 1

35.287492505443986 41.54686609775093 
4.0 11.0 0
2.0 3.0 1

3
98.0 23.0 
54.0 21.0 0
44.0 2.0 1

12.0 44.0 
4.0 23.0 0
3.0 23.0 1

5.0 37.0 
8.0 21.0 0
2.0 14.0 1

6.0 14.0 
4.0 11.0 0
2.0 3.0 1

4
98.0 23.0 
54.0 21.0 0
44.0 2.0 1

7.0 46.0 
4.0 23.0 0
3.0 23.0 1

10.0 35.0 
8.0 21.0 0
2.0 14.0 1

6.0 14.0 
4.0 11.0 0
2.0 3.0 1

